Sample	total_reads	pseudoaligned_reads	not_pseudoaligned_reads	percent_aligned	fragment_length
etoh60_1_1	21218.0	9762.0	11456.0	46.00810632481855	509.771
etoh60_2_1	22011.0	10139.0	11872.0	46.06333197037845	398.171
etoh60_3_1	25507.0	12643.0	12864.0	49.56678558826989	346.716
ref_1_1	14215.0	6512.0	7703.0	45.81076327822722	322.236
ref_2_1	19861.0	8430.0	11431.0	42.444992699259856	602.172
ref_3_1	12777.0	5999.0	6778.0	46.95155357282617	293.94
temp33_1_1	19967.0	8763.0	11204.0	43.88741423348525	286.644
temp33_2_1	15357.0	7061.0	8296.0	45.97903236309175	333.443
temp33_3_1	21597.0	9162.0	12435.0	42.422558688706765	638.827
